1 0.238942 0.455288 0.102885 0.148558
1 0.304327 0.600962 0.131731 0.111058
1 0.372596 0.477644 0.110577 0.210577
1 0.476923 0.688942 0.144231 0.145673
1 0.591827 0.785577 0.118269 0.177404
1 0.471154 0.875000 0.134615 0.134135
1 0.328846 0.776202 0.103846 0.196154
1 0.925000 0.494231 0.119231 0.188942
1 0.902404 0.768990 0.127885 0.199038
1 0.897115 0.105529 0.090385 0.190385
1 0.700481 0.037019 0.170192 0.067788
0 0.800962 0.614663 0.171154 0.291346
0 0.500481 0.512260 0.145192 0.233654
0 0.419231 0.262740 0.169231 0.274038
0 0.235096 0.161779 0.168269 0.245192
0 0.069231 0.422115 0.134615 0.261058
0 0.176442 0.771154 0.175962 0.278365