0 0.060577 0.211538 0.121154 0.281250
0 0.521635 0.119952 0.214423 0.233654
0 0.809615 0.401202 0.180769 0.271154
0 0.954327 0.520913 0.091346 0.230769
0 0.899519 0.928486 0.166346 0.143028
0 0.618269 0.867067 0.171154 0.233654
0 0.640865 0.526683 0.174038 0.253846
1 0.402885 0.366587 0.134615 0.170192
1 0.455769 0.256971 0.123077 0.152885
1 0.594712 0.317548 0.127885 0.135577
1 0.852885 0.618990 0.146154 0.138462
1 0.780769 0.732933 0.086538 0.173077
1 0.902885 0.751683 0.142308 0.121154
1 0.993750 0.803606 0.012500 0.155769