1 0.502885 0.334856 0.121154 0.175962
1 0.084615 0.071635 0.096154 0.142788
1 0.073077 0.463942 0.128846 0.180288
1 0.042788 0.722115 0.075962 0.186058
1 0.167788 0.712019 0.112500 0.209135
1 0.380769 0.932813 0.128846 0.134374
1 0.245673 0.948678 0.108654 0.102644
1 0.532692 0.985457 0.098077 0.029086
1 0.749519 0.674519 0.127885 0.165865
0 0.798558 0.330529 0.170192 0.239423
0 0.925481 0.683894 0.149038 0.242308
0 0.695192 0.516587 0.125000 0.199038
0 0.633654 0.854087 0.176923 0.276923
0 0.307692 0.787740 0.150000 0.210577
0 0.341346 0.096755 0.175000 0.193510