0 0.681250 0.120673 0.149038 0.191827
0 0.431250 0.749519 0.156731 0.240865
0 0.078365 0.761779 0.127885 0.187500
0 0.036058 0.507212 0.072115 0.246635
0 0.789423 0.843990 0.146154 0.230769
1 0.909615 0.324038 0.121154 0.157212
1 0.426923 0.231731 0.088462 0.168750
1 0.305769 0.089663 0.128846 0.124038
1 0.236058 0.210817 0.118269 0.124038
1 0.548558 0.642788 0.087500 0.212019
1 0.667308 0.868510 0.067308 0.204808
1 0.901923 0.915385 0.115385 0.148558
1 0.500962 0.928365 0.140385 0.128365
1 0.232212 0.976683 0.110577 0.040385
1 0.087981 0.938462 0.141346 0.119712